39049185
39049186
39049187
39049188
39049189
39049190
39049191
39049192
39049193
39049194
39049195
39049196
39049197
39049198
39049199
39049200
39049201
39049202
39049203
39049204
39049205
39049206
39049207
39049208
39049209
39049210
39049211
39049212
39049213
39049214
39049215
39049216
39049217
39049218
39049219
39049220
39049221
39049222
39049223
39049224
39049225
39049226
39049227
39049228
39049229
39049230
39049231
39049232
39049233
39049234
39049235
39049236
39049237
39049238
39049239
39049240
39049241
39049242
39049243
39049244
39049245
39049246
39049247